              precision    recall  f1-score   support

           0       1.00      1.00      1.00         4
           1       0.89      1.00      0.94         8
           2       0.88      1.00      0.93         7
           3       0.83      0.71      0.77         7
           4       0.71      0.71      0.71         7
           5       0.80      0.50      0.62         8
           6       0.89      0.67      0.76        12
           7       1.00      0.67      0.80        12
           8       0.75      0.75      0.75         8
           9       1.00      1.00      1.00         5
          10       0.56      0.71      0.62         7
          11       0.44      1.00      0.62         4
          12       0.67      0.67      0.67         9
          13       0.33      0.22      0.27         9
          14       0.70      0.78      0.74         9
          15       0.62      0.83      0.71         6
          16       0.50      0.50      0.50         8
          17       0.62      1.00      0.77         5
          18       1.00      0.67      0.80         6
          19       1.00      0.88      0.93         8
          20       1.00      0.86      0.92         7
          21       1.00      0.88      0.93         8
          22       0.86      1.00      0.92        12
          23       1.00      0.62      0.77         8
          24       0.90      1.00      0.95         9
          25       0.71      0.50      0.59        10
          26       0.50      1.00      0.67         4
          27       0.88      0.88      0.88         8
          28       0.78      0.78      0.78         9
          29       0.62      0.83      0.71         6
          30       1.00      0.83      0.91         6
          31       0.47      0.75      0.58        12
          32       0.90      0.90      0.90        10
          33       0.50      0.57      0.53         7
          34       0.75      1.00      0.86         6
          35       0.56      0.56      0.56         9
          36       0.62      1.00      0.77         5
          37       0.78      0.88      0.82         8
          38       1.00      0.67      0.80         6
          39       0.88      0.78      0.82         9
          40       0.44      0.67      0.53         6
          41       0.83      0.67      0.74        15
          42       0.86      0.86      0.86         7
          43       0.80      0.80      0.80         5
          44       0.71      0.50      0.59        10
          45       1.00      0.56      0.71         9
          46       0.67      0.89      0.76         9
          47       0.64      0.54      0.58        13
          48       1.00      0.90      0.95        10
          49       1.00      0.75      0.86         8

    accuracy                           0.75       400
   macro avg       0.78      0.77      0.76       400
weighted avg       0.78      0.75      0.75       400
